8
84
42
65
74
66
48
27
78
27 
97
52
36
23
22
41
3
83
18
63
45
38
75
86
69 
20
49
92
58
98
69
34
36
93
94
10
21
44
96
63
13
15
76
87
69
85
38
92
70
75
65
85
38
70
75
65
60
66
3
5
60
54
78
88
80
15
61
3
78
76 
72
71
80
66
97
14
37
42
54 
53
40
23
47
60
99
97
60
50
94
48
6
85
88
66
51
69
73
37
75
78
48
70
50
77
92
85
38
70
75
65
60
82
66
3
5
60
54
78
88
80
15
61
3
78
76
72
71
80
66
97
14
37
42
54 
53
40
23
47
60
99
97
60
50
94
48
6
85
88
66
51
69
73
37
75
78
48
70
50 
92
85
38
70
75
65
66
3
5
60
54
78
88
80
15
61
3
78
76 
72
71
80
66
97
14
37
42
54 
53
40
23
47
60
99
97
60
50
94
48
68
5 
88
66
51
69
73
37
75
78
48
70

70
59
13
52
63
37
53
58
75
24
81
15
44
70
73
51
18
23
28
3
39
80
31
55
37
33
8
9
28
83
11
17
96
34
62
40
14
12
82
11
56
38
55
46
29
58
47
18

47
48
5
13
25
85
97
70
30
13
76
27
20
77
85
63
97
48
55
5
35
46
95
20
79
41
51
3
45
20
92
72
34
12
64
19
66
29
19
53
38
33
37
77
6
26
69
51
41
90
10
76
53
5
28
30
75
4
19
12
88
75
24
60
62
17
2
55
22
36
35
21
81
30
75
4
19
12
88
75
24
60
62
17
2
56
72
3
55
67
74
22
36
35
81
21
6
89
89
3
92
35
13
